50  5
  143  127  185  171   78  115  102  131  123  125  157  168  219  182  163  202  191  105  177  139  128  126  118  214  174  192  231  141  133  166   85  143  156  191  132  160  134  110  173  127  141  192  168  102   31   82  157  108   77   88
  145  129  188  180  108  145  132  125  105   95  127  138  189  212  193  173  161   75  147  163   98   96   88  184  174  192  201  111  103  136  115  173  186  221  162  170  124  100  163  155  141  162  157  132   61  112  183  126   95  118
   99   83  142  134  154  134  108   79   59   49   81   92  143  173  154  127  115   29  101  117   52   50   42  138  128  146  155   65   57   90  124  165  152  197  138  124   78   54  117  109   95  116  111  138  107  116  137   80   49   98
   98   82  141  133  155  133  107   78   58   48   80   91  142  172  153  126  114   28  100  116   51   49   41  137  127  145  156   66   58   89  123  166  153  196  137  123   77   53  116  108   94  115  110  137  108  115  138   81   50   99
   70   54  113  105  160  123   97   68   30   20   52   63  114  144  125  154  142   56  128  144   79   77   69  156  113  152  184   94   86   61   95  149  136  186  127  140  105   81  144  136  122   87   82  155  136   87  162  109   78  127
  101   85  144  136  191  154  128   99   61   51   83   94   83  135  154  185  173   87  159  175  110  108  100  187  144  183  215  125  117   92  126  180  167  217  158  171  136  112  175  167  153  118  113  186  167  118  193  140  109  158
   62   46  105   97  152  115   89   60   22   12   44   55  121  136  117  156  150   64  136  152   87   85   77  148  105  144  192  102   94   53   87  141  128  178  119  132  113   89  152  144  130   79   74  147  141   95  169  112   81  130
   47   31   66  134  148  111   85   99   61   51   83   94  160  136  155  194  189  103  150  191  126  124  116  116   90  129  190  141  133   92  126  102   89  158   99  127  140  128  191  137  123  118  113  186  127  134  130   73   42   91
   61   45   80  148  162  125   99  113   75   65   97  108  174  150  169  197  192  106  164  194  129  127  119  130  104  143  204  142  134  106  140   88   75  154  113  141  145  121  184  151  137  132  127  200  136  148  116   59   28   77
  145  129  164  182  168  131  105  134  159  149  181  140  206  234  253  281  273  187  170  216  181  179  171  214  188  187  248  226  218  168   77  135  148  178  119  147  193  205  268  224  210  216  160  202  131  182  200  143  112  161
  162  146  181  123  109   72   46   75  113  117  148   81  147  199  204  226  214  128  111  157  122  120  112  195  152  128  189  175  167  109   18   76   89  119   60   88  134  158  221  165  151  165  101  143   72  123  198  188  157  191
  152  136  171  113   99   62   36   65  103  113  145   91  157  209  214  216  204  118  101  147  112  110  102  198  157  118  179  173  177  119   28   86   99  109   50   78  124  148  211  155  141  175  111  153   82  133  208  178  147  196
  124  108  143   85   71   34    8   37   75   85  117  119  185  209  190  188  176   90   73  119   84   82   74  170  129   90  151  145  153  136   56  114  127   81   22   50   96  120  183  127  113  165  139  181  110  161  207  150  119  168
  124  140  206  148  134   97   71  100  133  123  155  166  190  213  228  201  189  103   55  128  126  124  116  212  192  153  214  141  133  164  116  174  187  144   85  113  152  128  191  183  169  190  131  206  170  190  213  156  125  174
  115  131  215  157  143  106   80  109  132  122  154  165  181  204  223  200  188  102   46  119  125  123  115  211  190  162  223  140  132  163  125  183  196  153   94  122  151  127  190  182  168  189  140  211  179  189  212  155  124  173
  215  227  211  143  204  167  141  158  196  193  193  126  192  244  263  280  268  182  146  219  205  203  195  212  169  187  194  104   96  154  105  163  176  214  155  178  153  177  231  150  136  188  188  213  159  210  285  233  202  251
  158  142  113   45  138  115   89   60   98  108  140  153  219  232  213  248  236  150  159  172  107  105   97  163  170  181  242  175  183  159  132  190  203  167  108   80  126  150  213  157  143  195  194  220  185  215  270  213  182  231
  165  149  183  115  161  124   98  127  125  115  147   83  149  201  220  259  253  167  163  209  174  172  164  143  100  139  200  165  173  153   62  120  133  171  112  140  150  174  228  147  133  164  145  179  116  167  242  215  184  233
   71   55  114  106  161  124   98   69   31   21   53   64  130  145  126  165  159   73  145  161   96   94   86  157  114  153  201  111  103   62   78  136  137  187  128  141  122   98  161  136  122   70   65  140  132  104  178  121   90  139
  101   85  144  136  149  138  112   99   61   51   83   94  160  175  156  195  189  103  151  191  126  124  116  187  144  162  223  141  133   92   48  106  119  185  126  154  152  128  191  165  151   99   35  110  102  134  208  151  120  169
  114   98  158  150  135  124   98  113   75   65   97  108  174  189  170  209  203  117  137  205  140  138  130  178  135  148  209  155  147  106   34   92  105  171  112  140  166  142  205  179  165  113   49  124   88  139  214  165  134  183
   27   11   96  130  154  148  122   93   55   45   77  112  168  116  135  174  186  107  179  205  140  138  130   91   48   87  148  113  121   96  121  144  131  200  141  144   98  122  176   95   81  133  131  158  107  152  172  115   84  133
  109   93  178  193  193  211  185  156  118  127  159  194  250  198  217  245  240  154  226  242  177  175  167  173  130  169  230  190  182  178  200  192  179  258  215  226  180  169  232  177  163  215  213  217  146  197  164  107   76  125
  110   94  129  138  138  156  130  101   63   73  105  140  206  197  178  190  185   99  171  187  122  120  112  179  153  192  225  135  127  124  145  137  124  203  160  173  138  114  177  169  155  164  159  162   91  142  109   52   21   70
  108   92  127  140  136  158  132  103   65   75  107  142  208  197  180  188  183   97  169  185  120  118  110  177  151  190  223  133  125  126  143  135  122  201  160  175  136  112  175  167  153  166  161  160   89  140  107   50   19   68
  140  124  159  172  104  141  116  135   97  107  139  174  197  208  189  220  215  129  168  153  152  150  142  201  158  176  237  157  157  158  111  167  154  205  146  154  108   84  147  139  125  177  193  128   57  108  139   82   51  100
  100  109  168  160  181  145  119  105   85   75  107  118  169  189  180  153  141   55   93  143   78   76   68  164  154  172  183   93   85  116  150  193  180  192  133  150  104   80  143  135  121  142  137  164  134  142  165  108   77  126
  178  162  208  206  113  150  125  154  146  156  188  203  246  217  198  237  226  140  188  162  163  161  153  249  207  217  266  176  168  201  120  178  191  214  155  183  157  133  196  162  174  226  203  137   66  117  188  131  100  123
  149  133  179  177   84  121   96  125  117  127  159  174  217  188  169  208  197  111  177  133  134  132  124  220  178  188  237  147  139  172   91  149  162  185  126  154  128  104  167  133  145  197  174  108   37   88  159  102   71   94
  164  148  188  130  100   63   37   66  104  114  146  164  173  225  219  227  215  129  118   74  113  111  103  199  168  129  190  190  198  165   99  157  170  126   67   95  141  163  226  172  158  205  182  167   96  147  218  161  130  153
  213  197  232  167  191  154  128  157  177  187  215  148   82  134  153  192  204  125   53  126  191  193  194  264  221  216  277  219  211  238  182  240  227  163  104  132  171  147  210  202  188  240  239  214  172  223  212  155  124  173
  124  108  143  163  130  167  142  157  119  128  160  171  171  213  203  204  199  113  142  179  136  134  126  175  132  150  211  131  139  169  137  151  138  215  156  128   82   58  121  113   99  151  190  142   83  134  123   66   35   84
  143  127  175  113  180  162  136  123  103   93  125  136  187  172  153  171  159   73  145  161   96   94   86  125   82  100  161   81   89  133  168  201  188  165  106   78   32    8   71   63   49  101  155   92  133  160  173  116   85  134
  143  127  200  153  170  196  170  141  103   93  125  148  184  132  113  152  164  113  185  201  136  134  126  165  122  140  201  121  129  134  177  235  223  205  146  118   72   48  111  103   89  141  127   52  123  174  213  156  125  174
   55   39  112   90  145  108   82   53   15    5   37   62  128  129  110  149  153   67  139  159   94   92   84  141   98  137  198  109  101   46   94  148  135  171  112  125  120   96  159  144  130   86   81  140  135  102  176  119   88  137
  149  133  206  184  173  136  110  139  109   99  131  137  203  223  204  243  247  161  175  221  186  184  176  235  192  192  253  203  195  140   74  132  145  183  124  152  198  190  253  224  215  180  157  199  128  179  254  213  182  231
  162  146  185  127  113   76   50   79  117  113  144   77  143  195  200  230  218  132  115  161  126  124  116  191  148  132  193  171  163  105   14   72   85  123   64   92  138  162  225  164  155  161   97  139   68  119  194  192  161  187
  173  157  206  142  134   97   71  100  133  123  123   56  122  174  193  232  239  153  136  182  147  145  137  170  127  153  214  174  166  126   35   93  106  144   85  113  159  183  246  174  160  182  118  152   89  140  215  213  182  208
  173  157  167   99  192  183  157  172  134  124  156  145  211  248  229  268  262  176  196  264  199  197  189  171  128   89  150  172  180  165   93  151  164  221  162  134  157  181  235  154  140  172  108  183  147  198  273  224  193  242
  187  171  120   52  145  139  113  142  127  137  169  192  258  261  242  277  265  179  166  224  189  187  179  170  144  105  166  182  190  188  140  198  211  174  115   87  133  157  220  164  150  202  155  227  192  243  299  242  211  260
  156  140  174  115  113   76   50   79  117  127  159  167  233  245  231  230  218  132  121  161  126  124  116  124   81   42  103  125  133  177  104  162  175  129   70   98  110  134  188  107   93  145  187  170  158  209  255  198  167  216
  127  111  146   88   68   31    5   34   72   82  114  122  188  206  187  185  173   87   76  116   81   79   71  167  126   87  148  148  156  133   59  117  130   84   25   53   99  123  186  130  116  168  142  184  113  164  210  153  122  171
  173  157  192  134  114   77   51   80  118  128  160  168  234  252  233  218  206  120  122  162  127  125  117  213  172  133  194  194  202  179  105  163  176  130   71   99  145  169  232  176  162  214  188  230  159  210  256  199  168  217
  170  154  216  158  138  101   75  104  110  120  152  147  213  244  225  194  182   96  146  186  151  149  141  204  161  122  183  190  182  171   84  142  155  154   95  123  169  177  240  187  173  211  167  209  138  189  262  205  174  223
   93   77  160  108  136   99   73   71   33   43   75  110  176  167  148  117  105   19   91  163   98   96   88  179  136  155  203  113  105   94  127  185  183  152   93  121  124  100  163  155  141  134  129  184  155  150  185  128   97  146
  153  137  220  168  196  159  133  113   93  103  135  170  236  227  208  177  165   79  151  223  158  156  148  239  196  215  263  173  165  154  187  245  243  212  153  181  184  160  223  215  201  194  189  244  215  210  205  148  157  206
  166  150  222  173  160  123   97   68  106  116  148  183  249  240  221  222  210  124  178  180  115  113  105  201  209  189  250  212  204  167  161  219  217  186  127  155  201  199  262  232  218  207  202  261  207  223  160  103  134  183
  153  137  172  223  210  173  147  118  156  157  189  200  266  242  230  191  203  162  192  230  165  163  155  222  196  235  288  198  190  198  211  180  167  236  177  205  201  177  240  232  218  224  219  261  192  185  110   53   84  133
  106  122  162  190  196  159  133  143  123  113  145  156  207  195  214  191  179   93   99  172  116  114  106  202  159  177  221  131  123  154  178  198  185  206  147  155  109   85  148  140  126  178  175  169  172  180  203  146  115  164
   84  100  184  176  174  137  111  121  101   91  123  134  185  173  192  169  157   71   77  150   94   92   84  180  159  188  199  109  101  132  156  209  196  184  125  153  120   96  159  151  137  158  153  180  150  158  181  124   93  142
